19307
43825
68460
117704
142687
167296
191959
216370
240978
265603
290335
314928
326947
339515
376140
388007
400750
425502
450094
474508
499121
512391
514621
515540
516246
520327
522754
525250
530277
548479
573204
597914
622306
629595
649717
662215
671820
696118
721098
745643
770424
795036
819689
844305
868772
881507
905982
930638
955178
979783
1004380
1028970
1053630
1078210
1102830
1121100
1127440
1151980
1176600
1201170
1225800
1250550
1275130
1299900
1324420
1349200
1373860
1398490
1423350
1447960
1472540
1497140
1521810
1546470
1571040
1595670
1620390
1645020
1669680
1694340
1718960
1743630
1768270
1792970
1805600
1830230
1854910
1879500
1904280
1928960
1953560
1978220
2002860
2027480
2052120
2076800
2101420
2126060
2150740
2175370
2200080
2224810
2249380
2274090
2298720
2323380
2347980
2372710
2397270
2421900
2446540
2471200
2495840
2520670
2545100
2569740
2594320
2618930
2643800
2668340
2693040
