19312
43738
68461
93047
117698
142723
167297
192032
216365
241034
265734
290352
314978
323582
338226
376218
388035
400750
425496
450084
474309
499386
524050
549300
573345
597948
622641
629588
649704
662215
671449
694189
698238
721124
745685
770418
795061
819680
844303
868820
881505
906009
930635
955174
979781
1004380
1028960
1053570
1078210
1102830
1127450
1176600
1201160
1225840
1250550
1275180
1299880
1324460
1349190
1373860
1398500
1423390
1448000
1472580
1497200
1521800
1546410
1571040
1595640
1620400
1645060
1669690
1694350
1718950
1743630
1768260
1792970
1805610
1830220
1854880
1879520
1904280
1928990
1953560
1978250
2002830
2027510
2052120
2076790
2101440
2126070
2150740
2175340
2200090
2224780
2249350
2274110
2298690
2348050
2372710
2397300
2421950
2446570
2471230
2495750
2520540
2545190
2569770
2594360
2618970
2643760
2668340
2693030
